Epoch 2015011612 2015021500 2015031612 2015041600 2015051612 2015061600 2015071612 2015081612 2015091600 2015101612 2015111600 2015121612 2016011612 2016021512
       CORS  121.3725430  28.1708286    16.7772  1.0  4     2.31     2.39     1.99    -4.39    -5.18    -1.94    -3.11    -2.06     0.88     1.65     -5.88    -3.11    12.24    12.53
       CORS  121.2459082  28.3705958    80.1086  1.0  4     1.23     3.53     2.62    -4.32    -5.92    -3.35    -3.21    -0.85     2.82     2.76     -6.18    -0.17     9.68     9.72
       CORS  121.1122076  28.5421292   310.7680  1.0  4    -1.34     0.80     5.33    -4.08    -4.94    -4.85    -2.11     0.86     4.54     4.49     -6.69    -2.21    10.75    11.07
       CORS  121.0900976  27.5004658     0.1111  1.0  4    -4.50    -3.16    -3.97    -2.32    -4.12    -2.62    -3.00     0.28     5.85     6.42      5.30     4.75    -6.03    -1.81
       CORS  121.0032284  28.1350652    33.2212  1.0  4     2.08     3.63    -0.20    -2.17    -1.85    -5.47    -2.78    -0.95     5.47     0.81     -7.68    -3.03    12.05     8.63
       CORS  120.4708139  28.5055710   645.9796  1.0  4     0.69     0.68     3.51    -5.42    -4.60     0.57    -1.94     0.68     3.33     2.01     -5.73    -1.58    10.42    10.52
       CORS  120.4556951  28.5259203   669.8677  1.0  4    -0.01    -0.32     3.33    -5.40    -4.62     0.14    -2.84    -0.35     6.11     3.22     -6.82    -3.89     9.31    10.36
       CORS  120.4329898  28.2658514   532.3165  1.0  4     0.18     0.93     0.92    -4.28    -1.92     0.54    -2.45     2.72     3.15     2.07     -5.80    -4.11    10.66     8.46
       CORS  120.4127824  28.0901700   558.9823  1.0  4     5.06     3.68     2.33    -4.74    -1.89    -0.68    -1.49    -2.91     2.31     1.19     -9.65    -2.93    11.28    11.22
       CORS  120.3856364  27.4700055   137.7734  1.0  4     3.51     5.84     3.69    -9.41    -6.41    -3.25    -3.68    -3.07     1.02     3.84     -9.17    -2.64    12.26    12.63
       CORS  120.3738997  27.2529490   200.9936  1.0  4     1.69     1.49     4.23    -5.75    -3.38    -2.77    -3.45    -1.08     2.38     3.20     -6.97    -1.07    11.15    10.15
       CORS  120.2754082  27.1034887    76.1087  1.0  4    -1.38     0.55     4.03    -4.71    -2.74     2.56     1.07     2.36     3.94    -0.54    -11.07   -10.66     4.93     8.35
       CORS  120.2611989  29.0315079   190.3273  1.0  4    -8.98    -2.44    -0.62    -7.03    -5.57    -1.69    -2.77    -2.38    -2.47     2.76      0.42     5.03     5.95    14.83
       CORS  120.1723931  28.0821751   615.8694  1.0  4     3.40     4.45     5.22     0.26    -2.41     0.74    -1.31    -7.06     1.34    -0.28     -7.87    -3.27    10.46    11.86
       CORS  120.0500570  27.4708860   644.5352  1.0  4     2.75     1.21    -1.30    -7.29    -7.17    -9.79    -3.89   -11.06     0.22     7.20      9.46    12.26     9.75     8.48
       CORS  120.0442179  29.1621683    98.4413  1.0  4     0.01     0.99     2.83    -7.30    -3.72    -0.71    -0.56    -0.70     1.34     1.07     -6.63    -2.85    11.92    13.39
       CORS  120.0233064  27.2334867   697.2002  1.0  4     4.21     6.55     4.50    -2.08    -1.13    -3.17    -3.19    -4.29    -1.98     2.52    -10.36    -3.00     9.72    12.63
       CORS  120.0100639  28.5419692   357.0998  1.0  4     1.49     3.90     9.15    -0.35    -4.50    -3.23    -3.71     0.43     3.16     4.37     -8.22    -3.80     9.32    11.29
       CORS  119.5328256  27.1356483   457.2078  1.0  4     3.99     7.25     6.96     0.03     3.45    -3.18    -8.85    -5.28     0.90     2.70    -14.93    -6.08    17.02    18.45
       CORS  119.4218325  27.3308837   489.3179  1.0  4     0.81     6.44     5.46    -5.28    -1.65     3.20    -0.47    -2.63    -0.59    -1.58     -8.62    -4.74    11.67    14.21
       CORS  119.4123877  28.1557754   317.8788  1.0  4     0.98     4.48     3.20    -4.99    -4.15    -3.05    -5.88    -1.56     3.15     3.59     -4.46    -2.36    11.90    10.46
       CORS  119.3833279  29.1304200    35.9989  1.0  4     2.95     4.81     2.91    -5.65    -6.34    -3.09    -2.19    -2.40     2.62     2.11     -7.98    -1.20    11.15    10.53
       CORS  119.3815152  27.5834851  1014.1902  1.0  4    -1.43     2.76     4.32    -4.50    -2.71    -4.78    -4.75    -1.37     5.90     3.51     -6.50    -1.26    10.82    11.31
       CORS  119.3808278  27.5931675   983.7467  1.0  4     7.00     2.82     3.40    -3.92    -4.97    -3.75    -5.94    -6.35     1.18     5.67     -9.71    -2.97    15.79    16.55
       CORS  119.3033486  28.2716486   903.5270  1.0  4    -2.98     3.30     5.20    -2.10    -2.34    -3.19    -1.02    -2.84     6.28     2.12     -7.81    -4.66    11.45    11.20
       CORS  119.3010041  27.2727412   956.3031  1.0  4     0.25     4.46     4.90    -3.96     1.17     0.43     0.62     0.51    -5.42    -1.08     -7.54    -3.56    13.10    15.76
       CORS  119.2245207  29.0415409    53.1094  1.0  4    -0.37     0.64     5.25    -2.08    -2.55    -3.43    -0.88    -0.51     5.50     1.21     -8.74    -5.28     9.81    11.53
       CORS  119.1609639  28.3542320   963.5251  1.0  4     3.73     7.09     8.48    -3.08    -3.42    -0.73    -4.63    -4.38     1.62     1.64     -4.24    -2.45    11.58    14.66
       CORS  119.1108928  29.0200945    50.3317  1.0  4     4.00     4.60     8.37     0.10    -1.61    -1.42    -3.84    -1.64     2.10     1.82     -9.44    -6.61     9.65     9.99
       CORS  119.0759107  28.0450590   301.9905  1.0  4    -0.95     7.67     7.56    -3.13    -6.09    -2.35    -0.62    -1.45     5.28     3.35    -10.31    -8.15    10.95    12.52
       CORS  119.0445307  27.3716590   614.6472  1.0  4     2.07     4.05     8.26    -1.49    -5.30    -5.30    -5.61    -0.57     5.15     2.83     -7.44    -4.32    13.27    13.62
       CORS  118.5749739  27.3656608   741.3099  1.0  4     4.15     6.34     7.68    -1.97    -4.91    -1.82    -3.12    -6.80     1.50     2.08     -5.17    -2.54    12.65    12.85
       CORS  118.5326765  28.5937228   162.8837  1.0  4     2.16     6.51     5.96    -4.65    -5.44    -6.34    -3.77    -1.69     3.95     2.14     -7.67    -3.16    13.42    13.19
       CORS  118.3630801  28.4340630   222.6596  1.0  4     6.51     8.71     8.51    -1.56    -2.85    -4.12    -6.69     0.09     2.24     0.59     -7.66    -2.80    12.81    11.13
       CORS  118.3231968  27.5523548   616.4250  1.0  4     2.95     0.91     0.60    -3.11    -1.85    -4.73    -4.81    -5.26    -0.86    -0.42      4.47     7.97     6.61     4.03
       CORS  118.2643601  28.1004697   888.8608  1.0  4     7.45    13.22    11.07     1.03     0.93     2.37     0.81    -2.50     0.45     4.07    -10.26    -5.68    13.28    14.98
       CORS  119.5546172  28.2740521   688.5338  1.0  4     6.45     8.63     8.45    -2.17    -3.30    -4.70    -6.99     0.18     2.35     0.68     -7.72    -3.07    12.45    10.68
       CORS  120.1226342  27.2007130   129.4404  1.0  4     5.39     8.32    10.51    -0.31    -1.22    -1.28     1.97    -0.06     4.93     4.97    -11.67    -5.91    11.55    13.04
    gravity  121.5725430  29.2708286    16.7772  1.0  3   1.1247  -0.0558  -0.6405   1.1140   1.9003   0.9446   0.5869   0.2848  -0.6410  -0.5925    0.1400  -0.3014  -1.6679  -2.4068
    gravity  121.4659082  28.5705958    80.1086  1.0  3  -0.0064  -1.0594  -1.2214   1.4268   2.7626   1.4414   1.0701   0.5645  -1.4056  -0.5203    2.0434   0.4776  -3.4885  -5.1646
    gravity  121.4122076  28.4421292   310.7680  1.0  3  -0.3653  -1.1561  -1.0736   1.4196   2.6569   1.4333   1.1596   0.6247  -1.4772  -0.4779    2.3114   0.5970  -3.6343  -5.3687
    gravity  121.2900976  26.9004658     0.1111  1.0  3   3.3379   2.2261   1.3033   1.2337   0.7035   0.7882   0.4911  -1.2224  -1.8427  -2.0593   -2.4821  -0.5601   2.3416   3.2082
    gravity  121.2032284  28.1350652    33.2212  1.0  3  -0.7930  -0.8698  -0.2338   1.4000   2.0885   1.3654   1.3804   0.5602  -1.7238  -0.5705    2.2979   0.5543  -3.3161  -4.7361
    gravity  118.6708139  28.6055710   645.9796  1.0  3  -1.6647  -2.9435  -2.7909   0.7739   2.0936   1.3410   1.9316   0.7006  -1.8669   0.0060    3.5288   1.6580  -3.8824  -6.4605
    gravity  120.2556951  27.6259203   669.8677  1.0  3  -1.8680  -1.6475  -0.2954   2.0578   2.6441   1.1627   1.7941   2.2198  -0.8298  -0.9778    1.5739  -0.4162  -4.0024  -4.9792
    gravity  120.2329898  27.9658514   532.3165  1.0  3  -1.8839  -1.7166  -0.6886   1.3095   1.8947   0.7129   1.5231   1.9587  -0.8656  -0.5201    2.3359   0.1421  -3.9085  -5.0489
    gravity  120.2127824  28.7901700   558.9823  1.0  3   1.2419  -0.5547  -1.0633   1.9043   2.2709   0.5103   0.8230   0.4260  -1.3859  -0.4445    1.8906   0.7259  -3.4813  -5.7558
    gravity  120.4856364  27.3700055   137.7734  1.0  3  -0.4348  -0.9967  -0.2855   2.2491   2.3991   0.7623   1.1664   0.7906  -1.6591  -0.7895    2.0478   0.8308  -2.5068  -3.8118
    gravity  120.8738997  27.4529490   200.9936  1.0  3   1.0220   0.6259   1.0321   2.1399   1.8488   1.1661   1.2948   0.0207  -2.0291  -1.6356   -0.1350  -0.1661  -0.5928  -0.6970
    gravity  121.5754082  27.5034887    76.1087  1.0  3   1.4926   1.3042   1.2415   1.0484   0.9305   1.2712   1.1338  -0.1043  -1.3274  -2.0449   -2.2001  -1.1545   0.5918   1.2345
    gravity  120.0611989  29.1315079   190.3273  1.0  3   1.1374  -0.2527  -0.3345   2.3280   2.3270   0.3912   0.6139   0.6517  -0.7065  -0.2072    1.4477   0.3284  -3.4845  -5.6323
    gravity  120.6723931  28.1821751   615.8694  1.0  3  -0.8875  -0.9915  -0.2406   1.4904   1.6712   0.6215   1.0795   0.4513  -1.9619  -0.3011    3.0713   0.9450  -3.4767  -5.0060
    gravity  120.1500570  27.1708860   644.5352  1.0  3  -1.2513  -1.9989  -1.7775   0.8618   1.6054   0.1542   0.7411   0.8304  -1.5413  -0.3052    3.4368   1.8916  -3.2512  -5.4521
    gravity  120.2442179  29.1621683    98.4413  1.0  3   1.8222   0.2613   0.0122   2.5517   2.3751   0.4154   0.5920   0.6200  -0.5462  -0.3663    0.7357  -0.0783  -3.2689  -5.2740
    gravity  120.8233064  27.1334867   697.2002  1.0  3   2.2365   1.0258   0.6313   1.9773   1.5837   0.6989   0.6725  -0.7892  -2.2219  -1.4213    0.0291   0.6665   0.4982   0.1396
    gravity  120.4100639  28.1419692   357.0998  1.0  3  -1.2835  -1.3654  -0.5779   1.3144   1.5777   0.3846   1.0884   1.0296  -1.4666  -0.2671    2.9731   0.8415  -3.5743  -5.0447
    gravity  119.2328256  27.1356483   457.2078  1.0  3  -1.0065  -2.1882  -2.2704   0.2821   0.6501   0.0873   1.5721   1.2954  -0.6804   0.9129    4.0624   2.1217  -4.3699  -7.7243
    gravity  119.4218325  27.1308837   489.3179  1.0  3  -1.3526  -2.3001  -2.1981   0.1589   0.3332  -0.1860   1.6229   1.5720  -0.6207   0.9590    4.3835   2.2836  -4.5572  -7.9857
    gravity  119.3123877  28.1557754   317.8788  1.0  3  -0.9244  -2.3208  -2.3365   1.0864   2.1289   1.0271   1.8342   1.0176  -1.9183  -0.6169    2.8777   1.2977  -3.7226  -6.0121
    gravity  120.5833279  29.1304200    35.9989  1.0  3   2.7430   0.7837   0.1001   2.6580   2.5823   0.6629   0.6704   0.4041  -0.7730  -0.7466    0.0343  -0.4599  -2.9603  -4.7309
    gravity  119.0015152  27.1834851  1014.1902  1.0  3  -0.8264  -2.1312  -2.3244   0.4912   1.3136   0.6253   1.6517   1.2305  -0.8499   0.4617    3.3778   1.5769  -4.1858  -7.0937
    gravity  119.5808278  27.5931675   983.7467  1.0  3  -1.4901  -1.7763  -1.0299   1.3615   2.1563   1.1768   2.1752   2.2466  -1.0113  -0.8518    2.1144   0.0856  -4.6226  -6.4036
    gravity  119.6033486  28.6716486   903.5270  1.0  3  -0.7193  -2.1760  -2.4272   0.8148   1.9607   0.8961   1.4271   0.6502  -1.7113  -0.0937    3.2626   1.5487  -3.6035  -5.9708
    gravity  119.7010041  26.7727412   956.3031  1.0  3  -1.2936  -2.2088  -2.4557  -0.6954  -0.6622  -0.8973   0.8900   0.8377  -0.7614   1.3838    5.1019   3.3883  -3.2591  -6.6396
    gravity  118.8245207  29.1415409    53.1094  1.0  3  -0.8489  -1.4710  -1.4653   0.4802   1.6029   1.2505   1.4492   0.5410  -1.4388   0.0260    2.9060   1.3343  -2.6672  -4.2723
    gravity  118.2609639  29.1542320   963.5251  1.0  3  -0.7650  -1.1114  -0.9350   0.4144   1.2519   1.3524   1.4147   0.3151  -0.9996   0.1340    1.7855   0.5925  -1.9294  -2.9411
    gravity  119.5108928  29.1200945    50.3317  1.0  3  -0.5289  -1.3235  -1.1555   1.3420   2.0843   0.6599   0.8421   0.6749  -1.2614  -0.0333    2.9175   1.1598  -3.3591  -5.2419
    gravity  119.4759107  28.1450590   301.9905  1.0  3  -1.1422  -2.2288  -2.0521   1.0358   2.0728   1.2078   2.0215   1.2096  -1.7422  -0.6188    2.5969   0.8922  -3.7432  -5.7135
    gravity  119.3445307  26.6716590   614.6472  1.0  3  -1.0089  -1.9437  -2.2008  -0.6437  -0.7362  -0.6869   1.0833   0.9133  -0.2754   1.5558    4.3148   2.7599  -3.1089  -6.2645
    gravity  118.2749739  27.1656608   741.3099  1.0  3  -0.9954  -1.3705  -1.0795   0.5421   1.3226   1.0066   1.6262   1.8136   0.2856  -0.2310    0.0809  -1.2399  -2.7023  -3.0263
    gravity  118.7326765  28.1937228   162.8837  1.0  3  -1.9429  -3.4801  -3.3713   0.8356   2.1331   0.5871   1.3830   0.9512  -1.9023  -0.4442    3.5114   1.8244  -4.1729  -7.0051
    gravity  118.1630801  28.7340630   222.6596  1.0  3  -1.6922  -2.2854  -1.8931   0.4131   1.3705   1.2032   1.5835   0.4807  -1.1951   0.2181    2.3920   0.8538  -2.8534  -4.4946
    gravity  118.6231968  27.8523548   616.4250  1.0  3  -2.0178  -3.2098  -2.9740   0.7766   2.0416   0.4793   1.2421   1.3305  -1.4423  -0.6720    2.6795   0.9989  -4.1339  -6.3607
    gravity  118.2643601  28.1004697   888.8608  1.0  3  -3.0183  -3.7819  -3.2740   0.0019   1.0410  -0.1393   0.8399   1.1664  -1.0847  -0.2534    2.7945   1.1603  -3.8436  -6.0290
    gravity  119.2546172  28.8740521   688.5338  1.0  3  -0.8598  -2.0449  -2.2003   0.7309   1.9000   0.9109   1.3733   0.6675  -1.7271  -0.0375    3.5681   1.7814  -3.4648  -5.7603
    gravity  120.2226342  26.8007130   129.4404  1.0  3  -0.0335  -1.3424  -1.9014   0.2244   0.3869  -0.7279  -0.0510  -0.4038  -1.6629   0.6092    4.3313   3.4364  -1.6339  -4.2642
  levelling  121.0725430  28.2708286    16.7772  1.0  5   2.0004   3.1722   1.7054  -4.7551  -7.2963  -4.2285  -4.2515  -1.1931   6.7229   1.5060   -9.4144  -2.7027  12.0887  17.5677
  levelling  121.1459082  28.6705958    80.1086  1.0  5  -3.1783   1.8755   3.5964  -5.7726  -9.5497  -4.5424  -3.4051  -0.5342   6.5316   2.4779   -6.8139  -1.7476  11.8883  18.0025
  levelling  120.7122076  28.8421292   310.7680  1.0  5  -7.2185  -0.6935   1.7089  -7.6984  -8.8209  -2.6528  -2.5550  -0.2309   5.6781   2.6783   -4.2361  -0.8480  10.9721  17.5105
  levelling  121.1900976  27.5004658     0.1111  1.0  5  -5.4435  -4.4444  -4.7412  -5.4597  -4.5589  -4.5866  -4.3241   0.8460   6.4819   7.1862    5.4443   2.9246  -1.2319  -2.9902
  levelling  121.1032284  28.0350652    33.2212  1.0  5   2.4074   1.9362  -0.6602  -4.7647  -6.1146  -4.3913  -4.7738  -1.5946   6.0256   2.4161   -6.4312  -1.2131   9.5750  13.1894
  levelling  120.1708139  28.1055710   645.9796  1.0  5   5.4045   5.9000   3.6279  -3.3756  -5.6984  -2.0617  -4.6709  -5.4986   3.4225   1.3665   -8.5084  -1.5574  12.4955  16.9406
  levelling  120.2556951  28.2259203   669.8677  1.0  5   3.9197   5.2116   3.6262  -3.4841  -5.2653  -1.3710  -3.7452  -3.7621   4.4999   0.9890   -9.5298  -2.8752  11.8672  17.0605
  levelling  120.3329898  28.3658514   532.3165  1.0  5   1.5406   4.2361   3.7313  -4.0072  -5.4627  -1.1280  -3.0744  -2.0714   5.5974   1.0614   -9.6111  -3.6260  11.3787  17.3827
  levelling  118.6127824  28.5501700   558.9823  1.0  5   6.2300  10.4543   9.7163  -2.4937  -6.8137  -4.0649  -6.1837  -2.3977   6.1248   0.0167  -11.6882  -5.4469  13.1679  21.8548
  levelling  120.5856364  27.6700055   137.7734  1.0  5   3.3071   2.9715  -1.0162  -7.4167  -7.5183  -3.2724  -5.0018  -3.9236   4.8561   2.7784   -5.8423  -0.5944   9.4626  12.4005
  levelling  120.6738997  26.9529490   200.9936  1.0  5  -6.4354  -1.5619   0.5312  -5.1448  -4.2223  -0.4883  -0.6872   3.2482   7.0787   2.2518   -4.9147  -5.9318  -0.6030   3.0757
  levelling  120.7754082  27.4034887    76.1087  1.0  5  -3.0593  -1.1433  -2.4098  -7.4641  -6.6061  -3.3387  -3.9329  -0.1972   6.6515   4.6291   -1.4108  -0.7093   2.8002   4.1949
  levelling  120.8611989  29.2315079   190.3273  1.0  5  -8.8449  -2.5688   0.1423  -7.6515  -8.3938  -2.9253  -2.2673  -0.9301   2.7741   2.9114    0.8117   1.9927   8.2808  12.8547
  levelling  120.0723931  28.5821751   615.8694  1.0  5   0.1908   5.0387   6.3009  -3.3558  -6.3317  -2.1214  -3.6053  -1.9094   5.3971   1.1241   -8.9666  -3.9945  11.3619  18.4776
  levelling  120.2500570  27.8708860   644.5352  1.0  5   6.4839   5.4693   1.3320  -5.4096  -7.1892  -2.9626  -5.4877  -7.0649   2.6337   2.2711   -6.6579   0.5498  13.1761  16.4873
  levelling  120.3442179  29.1021683    98.4413  1.0  5  -7.3022  -1.3630   0.1313  -8.6466  -8.1887  -1.6099  -2.1316  -1.7823   2.2930   1.6704   -1.9445   0.4578  10.7912  17.5100
  levelling  120.3233064  27.7334867   697.2002  1.0  5   6.1022   5.1659   0.6170  -6.6763  -8.1724  -3.4472  -5.6814  -6.8967   2.9356   2.7396   -5.9610   0.8314  12.8418  16.0476
  levelling  120.3100639  28.9419692   357.0998  1.0  5  -6.4303  -0.1300   1.6886  -7.8289  -8.0891  -1.6577  -2.4071  -1.4221   3.6736   1.7232   -3.9730  -0.9050  11.3091  18.5896
  levelling  119.3328256  27.2356483   457.2078  1.0  5   3.7774   7.2148   6.9308  -1.5601  -2.7142  -0.4205  -5.4113  -4.8645   2.5188  -2.2830  -13.1668  -6.4688  15.0462  25.8131
  levelling  119.4218325  27.2308837   489.3179  1.0  5   4.3982   7.3643   6.7213  -1.4043  -2.3208  -0.1025  -5.5518  -5.4418   2.3345  -2.2237  -13.3782  -6.4376  15.3348  26.0112
  levelling  119.5123877  28.5557754   317.8788  1.0  5   3.0179   7.9058   8.6477  -2.2911  -6.1562  -3.1996  -5.4559  -2.3765   5.9193   0.4492  -10.7516  -5.1293  11.8431  19.6488
  levelling  119.6833279  29.0304200    35.9989  1.0  5   0.9015   4.5991   4.4921  -4.9330  -7.2408  -2.0694  -2.9377  -2.1637   4.2552   0.1320   -9.4925  -3.8877  11.9030  19.0983
  levelling  119.7815152  27.4834851  1014.1902  1.0  5   6.3767   6.4754   3.4679  -3.9382  -6.7907  -3.5899  -6.9767  -8.4451   2.2337   2.9671   -6.1460   0.6692  15.6879  21.0359
  levelling  119.1808278  27.4931675   983.7467  1.0  5   2.8263   6.6411   6.4527  -3.6050  -6.7134  -3.0612  -5.7333  -4.2549   4.8116   0.9375  -10.5429  -4.4060  14.5443  23.3919
  levelling  118.8033486  28.0716486   903.5270  1.0  5   5.2756  10.4604  10.4008  -3.2921  -7.6148  -2.0544  -4.3897  -3.2743   6.4278   2.1257  -11.0274  -5.7448  13.4941  22.4832
  levelling  119.0010041  27.2727412   956.3031  1.0  5   2.7654   7.1009   7.6284  -2.1446  -5.2483  -2.5437  -5.5639  -4.0900   3.3924  -0.7479  -10.8063  -4.8239  14.0713  23.4081
  levelling  119.3245207  29.0015409    53.1094  1.0  5   2.5151   5.7229   5.8558  -2.9349  -6.4263  -2.8122  -3.8561  -2.1626   5.1968   0.1005  -11.1582  -5.2082  11.0942  17.9390
  levelling  119.2609639  27.7542320   963.5251  1.0  5   2.9554   6.3187   5.6239  -4.6528  -8.1685  -3.9718  -6.1737  -4.5379   6.0485   2.9461   -9.1463  -3.3398  13.7947  21.1126
  levelling  119.9108928  29.1200945    50.3317  1.0  5  -1.7265   2.3211   2.2221  -6.7632  -7.5114  -1.4220  -2.1768  -2.1740   2.9333   0.3514   -6.7134  -2.1893  11.7640  18.9298
  levelling  119.5759107  28.0450590   301.9905  1.0  5   4.5006   6.7899   5.3219  -3.7922  -7.1934  -4.4644  -7.1205  -5.3084   4.9306   2.6237   -7.3175  -1.2901  12.9507  18.3799
  levelling  119.8445307  27.1716590   614.6472  1.0  5   6.2131   7.9690   6.9323  -0.6356  -2.8132  -0.1201  -4.5824  -5.5583   3.1498  -0.4259  -12.7912  -6.1424  14.1650  23.0898
  levelling  118.4749739  27.3656608   741.3099  1.0  5   4.2475   6.5478   5.6851  -2.4085  -5.9044  -3.5127  -5.8645  -6.3029   0.7967   1.3393   -3.0831   2.3042  11.7161  14.9600
  levelling  118.4326765  28.8937228   162.8837  1.0  5   4.5646   7.0399   6.1923  -2.0241  -5.8419  -5.1922  -6.1707  -1.6761   4.9043  -0.5582   -9.2387  -3.6103  10.2024  16.2444
  levelling  118.1630801  28.2340630   222.6596  1.0  5   9.5608  11.7196   9.9983   0.1908  -2.9566   0.1294  -2.8441  -3.2884   3.3491   0.3354   -8.8358  -3.6818  11.6659  18.4086
  levelling  118.4231968  27.5523548   616.4250  1.0  5   5.5755   7.6042   6.2332  -2.2743  -5.6362  -2.7340  -5.2172  -6.0850   1.2650   1.8134   -3.1220   2.2974  11.9444  15.1453
  levelling  118.4643601  27.8004697   888.8608  1.0  5   7.4033  10.2269   8.8911  -1.8442  -5.5424  -1.2291  -3.9968  -5.1010   3.1439   1.9970   -6.6081  -1.0928  13.0407  18.7158
  levelling  119.3546172  28.2740521   688.5338  1.0  5   3.1900   7.8989   8.0834  -3.1423  -6.6111  -3.3702  -6.1196  -3.1411   6.2032   1.5644   -9.6950  -4.3858  12.1237  19.7005
  levelling  120.3226342  27.4007130   129.4404  1.0  5   3.9790   5.1549   2.2718  -6.5658  -8.2562  -2.7660  -4.3282  -4.4703   4.4999   2.6766   -7.2028  -1.9119  11.0529  15.7666